vertex	2	32 38 44 48 52          0 1 2 3 4
vertex	6	32                      5
vertex	8	8 18 30 38 44 48 52     6 7 8 9 10 11 12
vertex	14	2                       13
vertex	16	8 14 18 30              14 15 16 17
vertex	20	8 14 18 30              18 19 20 21
vertex	22	2                       22
vertex	28	8 18 30 38 44 48 52     23 24 25 26 27 28 29
vertex	30	32                      30
vertex	36	32 38 44 48 52          31 32 33 34 35


sector	0 20	13 14 18 22 	-1 -1 1 -1
sector	-40 20	15 19 18 14 	-1 2 -1 0
sector	0 20	17 21 19 15  	-1 3 -1 1
sector	0 20	9 26 21 17  	-1 4 -1 2
sector	0 20	10 27 26 9  	-1 5 -1 3
sector	-40 20	11 28 27 10 	-1 6 -1 4
sector	0 20	12 29 28 11 	-1 -1 -1 5



player	4 18 0 	0