vertex	4	2                   0
vertex	10	10 36 40            1 2 3
vertex	12	16 20 24 28 32 44   4 5 6 7 8 9
vertex	14	46 48 50 52         10 11 12 13
vertex	18	56 62               14 15
vertex	22	56 62               16 17
vertex	26	46 48 50 52         18 19 20 21
vertex	28	16 20 24 28 32 44   22 23 24 25 26 27
vertex	30	10 36 40            28 29 30
vertex	38	2                   31


sector	0 20	0 1 28 31	-1 -1 1 -1
sector	3 20	1 4 22 28	0 -1 2 -1
sector	6 20	4 5 23 22	1 -1 3 -1
sector	9 20	5 6 24 23	2 -1 4 -1
sector	12 20	6 7 25 24	3 -1 5 -1
sector	15 25	7 8 26 25	4 -1 6 -1
sector	12 25	8 2 29 26	5 -1 7 -1
sector	12 25	2 3 30 29	6 -1 8 -1
sector	15 25	3 9 27 30	7 -1 9 -1
sector	12 25	9 10 18 27	8 -1 10 -1
sector	9 25	10 11 19 18	9 -1 11 -1
sector	6 25	11 12 20 19	10 -1 12 -1
sector	3 25	12 13 21 20	11 -1 13 -1
sector	0 20	13 14 16 21	12 -1 14 -1
sector	0 10 	14 15 17 16	-1 -1 -1 -1



player	6 20 0 	0