vertex	8	28 32                           0 1
vertex	12	16 24 38                        2 3 4
vertex	14	10                              5
vertex	16	6 16 20 24 28 32                6 7 8 9 10 11
vertex	18	12 36 42                        12 13 14
vertex	20	4                               15
vertex	22	10 38                           16 17
vertex	26	10                              18
vertex	28	14 16 22 34 42                  19 20 21 22 23
vertex	30	4 28                            24 25
vertex	34	10                              26
vertex	36	16 22 32                        27 28 29

sector	0 62	15 16 18 24 	-1 1 -1 16
sector	3 23	6 12 16 15  	-1 2 -1 0
sector	6 26	5 7 12 6    	-1 3 -1 1
sector	9 29	2 8 7 5     	-1 4 -1 2
sector	12 32	3 9 8 2     	-1 5 -1 3
sector	15 35	0 10 9 3    	-1 6 -1 4
sector	18 38	1 11 10 0   	-1 7 -1 5
sector	21 41	4 13 11 1   	-1 8 -1 6
sector	24 44	14 17 13 4   	-1 9 -1 7
sector	27 47	23 22 17 14   	-1 10 -1 8
sector	30 50	29 25 22 23   	-1 11 -1 9
sector	33 53	28 21 25 29 	-1 12 -1 10
sector	36 56	27 20 21 28 	-1 13 -1 11
sector	39 59	26 19 20 27 	-1 14 -1 12
sector	42 62	24 18 19 26 	-1 0 -1 13

player	6 26 0 	0